function [path1]= nsf_k1()
path1=[0, 1, 15, 15; 
0, 2, 15, 15;
0 ,1, 3, 15 ;
0, 7, 6 ,4 ;
0 ,2, 5, 15;
0 ,7, 6, 15;
0 ,7, 15, 15;
0 ,7, 8 ,15;
0 ,7, 8, 9 ;
0, 1, 3, 10 ;
0, 7, 8, 11 ;
0, 2, 5, 12 ;
0, 7, 8, 13 ;
1, 0, 15, 15;
1, 2, 15, 15;
1, 3, 15, 15;
1, 3, 4, 15;
1, 2, 5, 15;
1, 0, 7, 6 ;
1, 0, 7, 15;
1, 0, 7, 8 ;
1, 2, 5, 9 ;
1, 3, 10, 15;
1, 3, 10, 11 ;
1, 2, 5, 12 ;
1, 3, 10, 13 ;
2, 0, 15, 15;
2, 1, 15, 15;
2, 1, 3 ,15;
2, 5, 4 ,15;
2, 5, 15, 15;
2, 0, 7 ,6; 
2, 0, 7 ,15;
2, 0, 7 ,8 ;
2, 5, 9 ,15;
2, 1, 3 ,10 ;
2, 5, 12, 11 ;
2, 5 ,12 ,15;
2, 5, 12 ,13 ;
3, 1, 0 ,15;
3, 1, 15 ,15;
3, 1, 2 ,15;
3, 4, 15, 15;
3, 4, 5 ,15;
3, 4, 6 ,15;
3, 4, 6 ,7 ;
3, 10, 13 8; 
3, 4, 5 ,9 ;
3, 10, 15, 15;
3, 10, 11, 15;
3, 10, 13 ,12 ;
3, 10, 13 ,15;
4, 3, 1 ,0 ;
4, 3, 1 ,15;
4, 5, 2 ,15;
4, 3, 15, 15;
4, 5, 15, 15;
4, 6, 15, 15;
4, 6, 7 ,15;
4, 6, 7 ,8 ;
4, 5, 9 ,15;
4, 3, 10, 15;
4, 3, 10, 11; 
4, 5, 12, 15;
4, 3, 10 ,13 ;
5, 2, 0 ,15;
5, 2, 1 ,15;
5, 2, 15, 15;
5, 4, 3 ,15;
5, 4, 15, 15;
5, 4, 6 ,15;
5, 4, 6 ,7 ;
5, 9, 8 ,15;
5, 9, 15, 15;
5, 12, 13, 10; 
5, 12, 11, 15;
5, 12, 15, 15;
5, 12, 13, 15;
6, 7, 0 ,15;
6, 7, 0 ,1 ;
6, 4, 5 ,2 ;
6, 4, 3 ,15;
6, 4, 15, 15;
6, 4, 5 ,15;
6, 7, 15, 15;
6, 7, 8 ,15;
6, 7, 8 ,9 ;
6, 4, 3 ,10 ;
6, 7, 8 ,11 ;
6, 4, 5 ,12 ;
6, 7, 8 ,13 ;
7, 0, 15, 15;
7, 0, 1 ,15;
7, 0, 2 ,15;
7, 0, 1 ,3 ;
7, 6, 4 ,15;
7, 8, 9 ,5 ;
7, 6, 15, 15;
7, 8, 15, 15;
7, 8, 9 ,15;
7, 8, 13, 10; 
7, 8, 11, 15;
7, 8, 13, 12 ;
7, 8, 13, 15;
8, 7, 0 ,15;
8, 7, 0 ,1 ;
8, 7, 0 ,2 ;
8, 13, 10, 3; 
8, 7, 6 ,4 ;
8, 9, 5 ,15;
8, 7, 6 ,15;
8, 7, 15 ,15;
8, 9, 15 ,15;
8, 13, 10 ,15;
8, 11, 15 ,15;
8, 13, 12 ,15;
8, 13, 15 ,15;
9, 8, 7 ,0 ;
9, 5, 2 ,1 ;
9, 5, 2 ,15;
9, 5, 4 ,3 ;
9, 5, 4 ,15;
9, 5, 15, 15;
9, 8, 7 ,6 ;
9, 8, 7 ,15;
9, 8, 15, 15;
9, 8, 13, 10 ;
9, 8, 11 ,15;
9, 5, 12 ,15;
9, 8, 13 ,15;
10, 3,  1 ,0 ;
10, 3,  1 ,15;
10, 3,  1 ,2 ;
10, 3,  15 ,15;
10, 3,  4 ,15;
10, 11, 12, 5 ;
10, 3,  4 ,6 ;
10, 13, 8 ,7 ;
10, 13, 8 ,15;
10, 13, 8 ,9 ;
10, 11, 15, 15;
10, 13, 12, 15;
10, 13, 15 ,15;
11, 8,  7 ,0 ;
11, 10, 3 ,1 ;
11, 12, 5 ,2 ;
11, 10, 3 ,15;
11, 10, 3 ,4 ;
11, 12, 5 ,15;
11, 8 , 7 ,6 ;
11, 8,  7 ,15;
11, 8,  15, 15;
11, 8,  9 ,15;
11, 10, 15 ,15;
11, 12, 15 ,15;
11, 12, 13 ,15;
12, 5 , 2 ,0 ;
12, 5 , 2 ,1 ;
12, 5 , 2 ,15;
12, 13, 10, 3 ;
12, 5 , 4 ,15;
12, 5 , 15, 15;
12, 5 , 4 ,6 ;
12, 13, 8 ,7 ;
12, 13, 8 ,15;
12, 5 , 9 ,15;
12, 13, 10 ,15;
12, 11, 15 ,15;
12, 13, 15 ,15;
13, 8 , 7 ,0 ;
13, 10, 3, 1 ;
13, 12, 5, 2 ;
13, 10, 3, 15;
13, 10, 3 ,4 ;
13, 12, 5 ,15;
13, 8 , 7 ,6 ;
13, 8 , 7 ,15;
13, 8 , 15 ,15;
13, 8 , 9 ,15;
13, 10, 15, 15;
13, 12, 11, 15;
13, 12, 15 ,15];
